4
3  43 58 15 
2  52 43 
2  58 27 
2  15 80 
10
6
7  77 95 90 48 67 16 81 
2  84 77 
2  95 61 
2  7 90 
2  81 34 
2  16 11 
16
4
3  96 76 14 
2  85 96 
2  14 89 
2  76 19 
10
2
4  44 47 30 72 
2  31 44 
4
4
3  38 36 25 
2  69 38 
2  25 37 
2  36 41 
10
2
2  85 96 
7  96 76 19 22 14 89 87 
4
4
2  25 37 
2  36 41 
5  93 69 38 36 25 
2  86 93 
10
4
21  52 58 27 57 9 92 85 96 16 11 55 15 80 56 81 34 28 59 53 82 83 
6  0 5 39 52 43 4 
2  96 42 
2  83 23 
10
4
2  25 37 
2  86 93 
6  93 69 38 36 25 41 
2  41 88 
10
6
2  81 34 
2  16 11 
21  12 19 22 14 89 87 26 31 44 47 30 72 84 77 95 61 94 8 67 16 81 
2  20 12 
2  8 75 
2  48 67 
16
4
3  43 58 15 
2  58 27 
2  15 80 
6  0 5 39 52 43 4 
10
4
2  36 41 
5  93 69 38 36 25 
4  86 93 69 38 
3  25 37 65 
10
5
73  0 5 39 52 43 58 27 57 9 92 85 96 42 62 13 66 76 54 74 20 12 19 22 14 89 87 26 31 44 47 30 72 16 11 55 15 80 56 81 34 28 59 53 82 68 18 78 33 29 97 46 10 51 98 1 71 21 40 70 2 24 86 93 69 38 36 25 37 65 41 88 63 4 
76  0 5 39 52 43 58 27 57 9 92 85 96 42 62 13 66 76 54 74 20 12 19 22 14 89 87 26 31 44 47 30 72 84 16 11 55 15 80 56 81 34 28 59 53 82 83 91 68 18 78 33 29 97 46 10 51 98 1 71 21 40 70 2 24 86 93 69 38 36 25 37 65 41 88 63 4 
40  0 5 39 52 43 28 59 53 82 3 91 68 18 78 33 29 97 46 10 51 98 1 71 21 40 70 2 24 86 93 69 38 36 25 37 65 41 88 63 4 
3  72 84 77 
3  34 83 23 
14
7
2  84 77 
2  84 77 
2  83 23 
2  83 23 
76  0 5 39 52 43 58 27 57 9 92 85 96 42 62 13 66 76 54 74 20 12 19 22 14 89 87 26 31 44 47 30 72 84 16 11 55 15 80 56 81 34 28 59 53 82 83 91 68 18 78 33 29 97 46 10 51 98 1 71 21 40 70 2 24 86 93 69 38 36 25 37 65 41 88 63 4 
40  0 5 39 52 43 28 59 53 82 3 91 68 18 78 33 29 97 46 10 51 98 1 71 21 40 70 2 24 86 93 69 38 36 25 37 65 41 88 63 4 
75  0 5 39 52 43 58 27 57 9 92 85 96 42 62 13 66 76 54 74 20 12 19 22 14 89 87 26 31 44 47 30 72 84 16 11 55 15 80 56 81 34 28 59 53 82 83 68 18 78 33 29 97 46 10 51 98 1 71 21 40 70 2 24 86 93 69 38 36 25 37 65 41 88 63 4 
18
6
7  77 95 90 48 67 16 81 
2  7 90 
2  81 34 
2  16 11 
3  77 95 61 
2  84 67 
16
6
20  9 92 22 14 89 87 26 31 44 47 30 72 84 77 95 61 7 90 48 67 
2  19 22 
2  61 94 
2  50 7 
2  92 85 
2  57 9 
16
4
2  52 43 
2  15 80 
2  57 9 
5  43 58 27 57 15 
10
4
2  76 19 
3  66 76 54 
2  13 66 
2  54 74 
10
4
3  91 33 29 
2  3 91 
2  29 97 
2  68 33 
10
4
2  52 43 
2  15 80 
6  43 58 27 57 9 15 
2  9 92 
10
4
2  76 19 
2  96 42 
2  54 74 
6  42 62 13 66 76 54 
10
4
2  58 27 
2  83 23 
17  39 52 43 58 16 11 55 15 80 56 81 34 28 59 53 82 83 
4  5 39 52 43 
10
6
2  81 34 
2  61 94 
24  76 54 74 20 12 19 22 14 89 87 26 31 44 47 30 72 84 77 95 61 16 11 55 81 
7  66 76 54 74 20 12 19 
2  95 67 
2  55 56 
16
6
2  61 94 
2  50 7 
2  13 66 
20  62 13 22 14 89 87 26 31 44 47 30 72 84 77 95 61 7 90 48 67 
9  76 54 74 20 12 19 22 14 89 
2  42 62 
16
4
18  32 45 3 91 33 29 97 46 10 51 98 1 71 21 40 70 2 24 
2  79 32 
2  24 86 
3  68 78 33 
10
4
4  5 39 52 43 
9  39 52 43 58 27 55 15 80 56 
2  27 57 
2  11 55 
10
4
2  79 32 
2  11 55 
32  84 77 95 61 94 8 75 64 73 6 17 49 50 7 90 48 67 16 11 81 34 28 59 53 82 83 23 99 60 35 79 18 
4  68 18 78 33 
10
2
4  44 47 30 72 
3  26 31 44 
4
4
2  25 37 
2  36 41 
5  93 69 38 36 25 
6  2 24 86 93 69 38 
10
6
2  7 90 
2  81 34 
2  61 94 
7  66 76 54 74 20 12 19 
2  11 55 
26  76 54 74 20 12 19 22 14 89 87 26 31 44 47 30 72 84 77 95 61 90 48 67 16 11 81 
16
4
2  58 27 
6  0 5 39 52 43 4 
12  39 52 43 58 16 11 55 15 80 56 81 34 
2  34 28 
10
5
8  43 58 27 11 55 15 80 56 
15  0 5 39 52 43 58 27 57 16 11 55 15 80 56 4 
12  0 5 39 52 43 25 37 65 41 88 63 4 
3  27 57 9 
3  16 11 81 
14
5
11  3 91 68 33 29 97 46 10 51 98 1 
14  45 3 91 68 78 33 29 97 46 10 51 98 1 71 
3  32 45 3 
3  1 71 21 
3  68 18 78 
14
7
2  16 11 
2  16 11 
6  0 5 39 52 43 4 
2  57 9 
2  57 9 
10  52 43 58 27 57 11 55 15 80 56 
9  43 58 27 57 11 55 15 80 56 
18
16
2  50 7 
2  50 7 
2  50 7 
2  13 66 
2  13 66 
2  13 66 
2  42 62 
2  42 62 
2  42 62 
24  62 13 22 14 89 87 26 31 44 47 30 72 84 77 95 61 94 8 75 64 7 90 48 67 
18  62 13 44 47 30 72 84 77 95 61 94 8 75 64 7 90 48 67 
17  62 13 47 30 72 84 77 95 61 94 8 75 64 7 90 48 67 
9  19 22 14 89 87 26 31 44 47 
2  64 73 
2  64 73 
2  64 73 
44
10
2  41 88 
2  41 88 
2  41 88 
3  25 37 65 
3  25 37 65 
3  25 37 65 
20  97 46 10 51 98 1 71 21 40 70 2 24 86 93 69 38 36 25 37 41 
19  46 10 51 98 1 71 21 40 70 2 24 86 93 69 38 36 25 37 41 
18  10 51 98 1 71 21 40 70 2 24 86 93 69 38 36 25 37 41 
4  29 97 46 10 
26
8
4  68 18 78 33 
7  45 3 91 33 29 97 46 
10  32 45 3 91 68 33 29 97 46 10 
11  32 45 3 91 68 78 33 29 97 46 10 
3  79 32 45 
3  79 32 45 
3  46 10 51 
3  46 10 51 
22
5
4  68 18 78 33 
3  79 32 45 
8  45 3 91 33 29 97 46 10 
11  32 45 3 91 68 33 29 97 46 10 51 
3  10 51 98 
14
8
4  68 18 78 33 
3  32 45 3 
3  32 45 3 
15  3 91 33 29 97 46 10 51 98 1 71 21 40 70 2 
18  45 3 91 68 33 29 97 46 10 51 98 1 71 21 40 70 2 24 
19  45 3 91 68 78 33 29 97 46 10 51 98 1 71 21 40 70 2 24 
3  2 24 86 
3  2 24 86 
22
11
2  58 27 
2  58 27 
2  48 67 
2  48 67 
2  61 94 
2  61 94 
20  27 57 9 92 85 96 42 62 13 26 31 44 47 30 72 84 77 95 61 67 
21  27 57 9 92 85 96 42 62 13 87 26 31 44 47 30 72 84 77 95 61 67 
3  89 87 26 
3  62 13 66 
3  62 13 66 
30
17
5  39 52 43 58 15 
8  5 39 52 43 58 27 15 80 
11  0 5 39 52 43 58 27 57 15 80 56 
14  0 5 39 52 43 58 27 57 9 55 15 80 56 4 
17  0 5 39 52 43 58 27 57 9 92 11 55 15 80 56 63 4 
20  0 5 39 52 43 58 27 57 9 92 85 16 11 55 15 80 56 88 63 4 
23  0 5 39 52 43 58 27 57 9 92 85 96 16 11 55 15 80 56 81 41 88 63 4 
26  0 5 39 52 43 58 27 57 9 92 85 96 14 16 11 55 15 80 56 81 34 65 41 88 63 4 
29  0 5 39 52 43 58 27 57 9 92 85 96 14 89 16 11 55 15 80 56 81 34 28 37 65 41 88 63 4 
32  0 5 39 52 43 58 27 57 9 92 85 96 42 14 89 16 11 55 15 80 56 81 34 28 59 25 37 65 41 88 63 4 
44  0 5 39 52 43 58 27 57 9 92 85 96 42 62 13 66 76 54 74 20 12 19 22 14 89 16 11 55 15 80 56 81 34 28 59 53 36 25 37 65 41 88 63 4 
47  0 5 39 52 43 58 27 57 9 92 85 96 42 62 13 66 76 54 74 20 12 19 22 14 89 87 16 11 55 15 80 56 81 34 28 59 53 82 38 36 25 37 65 41 88 63 4 
50  0 5 39 52 43 58 27 57 9 92 85 96 42 62 13 66 76 54 74 20 12 19 22 14 89 87 26 16 11 55 15 80 56 81 34 28 59 53 82 83 69 38 36 25 37 65 41 88 63 4 
53  0 5 39 52 43 58 27 57 9 92 85 96 42 62 13 66 76 54 74 20 12 19 22 14 89 87 26 31 16 11 55 15 80 56 81 34 28 59 53 82 83 23 93 69 38 36 25 37 65 41 88 63 4 
17  0 5 39 52 43 86 93 69 38 36 25 37 65 41 88 63 4 
24  58 27 57 9 92 85 96 42 62 13 66 76 54 74 20 12 19 22 14 89 87 26 31 44 
15  50 16 11 55 15 80 56 81 34 28 59 53 82 83 23 
62
6
6  0 5 39 52 43 4 
6  39 52 43 58 27 15 
9  5 39 52 43 58 27 57 15 80 
12  0 5 39 52 43 58 27 57 9 15 80 56 
5  58 27 57 9 92 
4  55 15 80 56 
18
4
4  68 18 78 33 
4  91 33 29 97 
3  45 3 91 
2  97 46 
10
4
2  15 80 
6  0 5 39 52 43 4 
2  92 85 
9  39 52 43 58 27 57 9 92 15 
10
6
2  81 34 
2  16 11 
2  20 12 
2  8 75 
22  12 19 22 14 89 87 26 31 44 47 30 72 84 77 95 61 94 8 48 67 16 81 
2  90 48 
16
6
2  15 80 
2  9 92 
23  0 5 39 52 43 58 27 57 9 15 71 21 40 70 2 36 25 37 65 41 88 63 4 
2  1 71 
2  2 24 
2  38 36 
16
4
2  84 77 
3  77 95 61 
2  61 94 
2  95 67 
10
4
2  84 77 
2  95 61 
2  48 67 
3  77 95 67 
10
10
2  41 88 
2  41 88 
2  41 88 
4  86 93 69 38 
7  93 69 38 36 25 37 41 
6  69 38 36 25 37 41 
5  38 36 25 37 41 
2  37 65 
2  37 65 
2  37 65 
26
6
2  15 80 
3  38 36 25 
2  1 71 
40  0 5 39 52 43 58 27 57 9 92 85 96 42 62 13 66 76 54 74 20 12 19 22 14 89 87 26 31 44 15 71 21 36 25 37 65 41 88 63 4 
2  21 40 
2  44 47 
16
4
2  41 88 
3  25 37 65 
7  93 69 38 36 25 37 41 
4  2 24 86 93 
10
10
2  41 88 
2  41 88 
2  41 88 
3  25 37 65 
3  25 37 65 
3  25 37 65 
20  97 46 10 51 98 1 71 21 40 70 2 24 86 93 69 38 36 25 37 41 
19  46 10 51 98 1 71 21 40 70 2 24 86 93 69 38 36 25 37 41 
15  1 71 21 40 70 2 24 86 93 69 38 36 25 37 41 
7  29 97 46 10 51 98 1 
26
16
2  61 94 
2  61 94 
2  61 94 
2  27 57 
2  27 57 
2  27 57 
3  62 13 66 
3  62 13 66 
3  62 13 66 
2  90 48 
2  90 48 
2  90 48 
18  57 9 92 85 96 42 62 13 44 47 30 72 84 77 95 61 48 67 
17  57 9 92 85 96 42 62 13 47 30 72 84 77 95 61 48 67 
16  57 9 92 85 96 42 62 13 30 72 84 77 95 61 48 67 
4  31 44 47 30 
44
5
4  68 18 78 33 
3  79 32 45 
8  45 3 91 33 29 97 46 10 
12  32 45 3 91 68 78 33 29 97 46 10 51 
4  46 10 51 98 
14
6
6  0 5 39 52 43 4 
11  39 52 43 58 27 57 9 92 15 80 56 
14  5 39 52 43 58 27 57 9 92 85 55 15 80 56 
17  0 5 39 52 43 58 27 57 9 92 85 96 11 55 15 80 56 
4  92 85 96 42 
6  16 11 55 15 80 56 
18
4
6  0 5 39 52 43 4 
2  27 57 
4  55 15 80 56 
8  39 52 43 58 27 15 80 56 
10
4
2  48 67 
2  64 73 
9  84 77 95 61 94 8 75 64 67 
2  72 84 
10
6
2  31 44 
2  69 38 
4  55 15 80 56 
2  1 71 
42  0 5 39 52 43 58 27 57 9 92 85 96 42 62 13 66 76 54 74 20 12 19 22 14 89 87 26 31 15 80 56 71 21 38 36 25 37 65 41 88 63 4 
3  21 40 70 
16
10
2  41 88 
2  41 88 
2  41 88 
3  25 37 65 
3  25 37 65 
3  25 37 65 
6  2 24 86 93 69 38 
7  93 69 38 36 25 37 41 
6  69 38 36 25 37 41 
5  38 36 25 37 41 
26
10
2  58 27 
2  58 27 
2  58 27 
6  0 5 39 52 43 4 
2  83 23 
2  83 23 
2  83 23 
17  39 52 43 58 16 11 55 15 80 56 81 34 28 59 53 82 83 
19  0 5 39 52 43 58 16 11 55 15 80 56 81 34 28 59 53 82 83 
18  5 39 52 43 58 16 11 55 15 80 56 81 34 28 59 53 82 83 
26
7
2  27 57 
2  27 57 
4  43 58 27 15 
5  52 43 58 27 15 
3  39 52 43 
8  16 11 55 15 80 56 81 34 
8  16 11 55 15 80 56 81 34 
18
8
3  46 10 51 
2  38 36 
2  38 36 
8  16 11 55 15 80 56 81 34 
24  0 5 39 52 43 58 15 51 98 1 71 21 40 70 2 24 36 25 37 65 41 88 63 4 
28  0 5 39 52 43 58 27 15 80 10 51 98 1 71 21 40 70 2 24 86 36 25 37 65 41 88 63 4 
3  24 86 93 
3  58 27 57 
24
7
2  25 37 
2  25 37 
2  36 41 
2  36 41 
5  93 69 38 36 25 
4  86 93 69 38 
4  69 38 36 25 
18
7
3  26 31 44 
3  16 11 81 
49  0 5 39 52 43 58 27 57 9 92 85 96 42 62 13 66 76 54 74 20 12 19 22 14 89 87 26 11 55 15 80 56 46 10 51 98 1 71 21 40 70 36 25 37 65 41 88 63 4 
56  0 5 39 52 43 58 27 57 9 92 85 96 42 62 13 66 76 54 74 20 12 19 22 14 89 87 26 31 16 11 55 15 80 56 97 46 10 51 98 1 71 21 40 70 2 93 69 38 36 25 37 65 41 88 63 4 
3  29 97 46 
5  21 40 70 2 24 
5  86 93 69 38 36 
22
5
15  43 58 27 57 9 92 85 96 42 16 11 55 15 80 56 
22  0 5 39 52 43 58 27 57 9 92 85 96 42 62 16 11 55 15 80 56 81 4 
13  0 5 39 52 43 36 25 37 65 41 88 63 4 
3  42 62 13 
3  16 81 34 
14
7
2  41 88 
2  41 88 
3  2 24 86 
2  37 65 
2  37 65 
8  86 93 69 38 36 25 37 41 
9  24 86 93 69 38 36 25 37 41 
18
2
2  1 71 
4  71 21 40 70 
4
4
2  27 57 
8  16 11 55 15 80 56 81 34 
22  0 5 39 52 43 58 27 15 2 24 86 93 69 38 36 25 37 65 41 88 63 4 
12  29 97 46 10 51 98 1 71 21 40 70 2 
10
4
2  61 94 
6  84 77 95 61 48 67 
4  50 7 90 48 
2  30 84 
10
4
2  61 94 
2  90 48 
8  94 8 75 64 73 6 17 48 
2  17 49 
10
4
2  81 34 
2  83 23 
43  0 5 39 52 43 34 28 59 53 82 83 45 3 91 68 18 78 33 29 97 46 10 51 98 1 71 21 40 70 2 24 86 93 69 38 36 25 37 65 41 88 63 4 
2  32 45 
10
4
2  32 45 
4  60 35 79 32 
2  99 60 
4  79 68 18 78 
10
4
2  32 45 
2  99 60 
6  60 35 79 32 18 78 
2  68 78 
10
4
2  29 97 
2  32 45 
11  59 53 82 45 3 91 68 18 78 33 29 
2  28 59 
10
4
2  84 77 
2  48 67 
2  61 94 
4  77 95 61 67 
10
4
2  84 77 
2  90 48 
6  77 95 61 94 48 67 
2  94 8 
10
4
2  90 48 
9  84 77 95 61 94 8 75 48 67 
2  75 64 
28  58 27 57 9 92 85 96 42 62 13 66 76 54 74 20 12 19 22 14 89 87 26 31 44 47 30 72 84 
10
5
3  68 18 78 
5  91 68 33 29 97 
9  45 3 91 68 78 33 29 97 46 
4  32 45 3 91 
10  97 46 10 51 98 1 71 21 40 70 
14
6
4  55 15 80 56 
2  1 71 
2  44 47 
42  0 5 39 52 43 58 27 57 9 92 85 96 42 62 13 66 76 54 74 20 12 19 22 14 89 87 26 31 44 15 80 56 71 21 40 70 37 65 41 88 63 4 
4  21 40 70 2 
5  69 38 36 25 37 
16
4
2  84 77 
2  48 67 
5  77 95 61 94 67 
3  61 94 8 
10
